 CS INTEGRAL AND PARTIAL TESTS                   
 PATTENGILL-LABUDDE-BERNSTEIN AR-N2              
 ==============================
     *** Parameters:
 JTOT1  =  20        JTOT2  =  20        JTOTD  =   5        JLPAR  =   1
 NERG   =   1        NUMAX  =   0        NUMIN  =   0        NUD    =   1
 LSCREEN=  48        IPRINT =   0
 FSTFAC =  15.00     RINCR  =  3.000     RCUT   =  30.00     RENDAI =  25.00    
 RENDLD =  8.000     RSTART =  5.600     SPAC   = 0.1500     TOLAI  =  1.150    
 XMU    =  16.47    
     *** 1-SIGMA system parameters:
 NTERM  =   1        VMIN   =   0        VMAX   =   0        JMIN   =   0
 JMAX   =   4
 BROT   =  2.010     DROT   = 0.0000E+00 HROT   = 0.0000E+00 EVIB   = 0.0000E+00
 LAMMIN:    2
 LAMMAX:    2
 MPROJ:     0
     *** Flags:
 AIRYFL= T    BASTST= F    BATCH = F    CHLIST= T    CSFLAG= F    FLAGHF= F
 FLAGSU= F    IHOMO = T    IPOS  = F    LOGDFL= T    NOPRIN= F    NUCROS= F
 PHOTOF= F    PRAIRY= F    PRLOGD= T    PRPART= F    PRSMAT= T    PRT2  = T
 PRXSEC= T    READPT= F    RSFLAG= F    T2TEST= F    TWOMOL= F    WAVEFL= F
 WRPART= F    WRSMAT= F    WRXSEC= F    BOUNDC= F
 ** Energies:      500.000000
 NOUT:  4; JOUT:   0   2   4   6
 INDOUT:    0
 ==============================
 ** RESTART INFORMATION SAVED IN FILE Job.sav

 --------------------------------------------------------------------------
           HIBRIDON SCATTERING CODE V 4.1.2 02/05/99 15:22:10 EST

     AUTHORS: M. ALEXANDER, D. MANOLOPOULOS, H.-J. WERNER, B. FOLLMEG
 CONTRIBUTORS: D. LEMOINE, P. VOHRALIK, G. COREY, R. JOHNSON, T. ORLIKOWSKI
               A. BERNING, A. DEGLI-ESPOSTI, C. RIST, P. DAGDIGIAN, B. POUILLY
               G. VAN DER SANDEN, M. YANG, F. DE WEERD, S. GREGURICK
 --------------------------------------------------------------------------

 -----------------------------------------------------------------------------
 All publications resulting from use of the integrators included in the
 Hibridon code must include the following reference:

 D. E. Manolopoulos, J. Chem. Phys. 85, 6425 (1986); M. H. Alexander and D. E.
 Manolopoulos, J. Chem. Phys. 80, 2044 (1987).

 All publications involving the determination ofphotodissociation cross sections
 must also include the following reference:

 M. H. Alexander, Comput. Phys. Commun, 75, 87 (1993).

 All publications investigating flux redistribution must include the following references:

 M. H. Alexander, J. Chem. Phys. 95, 8931 (1991); D. E. Manolopoulos and
 M. H. Alexander, J. Chem. Phys.  97, 2527 (1992).

 All publications resulting from use of the Hibridon package must include
 the following reference:

 HIBRIDON is a package of programs for the time-independent quantum treatment
 of inelastic collisions and photodissociation written by M. H. Alexander,
 D. E.  Manolopoulos, H.-J. Werner, and B. Follmeg, with contributions by
 P. F. Vohralik, D. Lemoine, G. Corey, B. Johnson, T. Orlikowski, A. Berning,
 A. Degli-Esposti, C. Rist, P. Dagdigian, B. Pouilly, G. van der Sanden, M. Yang, F. de Weerd, and S. Gregurick
 -----------------------------------------------------------------------------

 ** LABEL:     CS INTEGRAL AND PARTIAL TESTS                   
 ** POT NAME:  PATTENGILL-LABUDDE-BERNSTEIN AR-N2              
 ** DATE:        5-Feb-99  15:23:03
 ** NMAX=  36  NAIRY=  36

 **  CC SINGLET SIGMA DIATOMIC ** RMU=  16.4700       E= 500.00   JTOT=   20   JLPAR= 1

 OPEN CHANNELS ELIMINATED WHICH ARE CLOSED AT R= 30.00

 State    B(v)         D(v)        H(v)          E(v)
   0    2.0100     0.00000E+00 0.00000E+00     0.00000000

   N   V   J    L      EINT(CM-1)

   1   0   0   20        0.000
   2   0   2   18       12.060
   3   0   2   20       12.060
   4   0   2   22       12.060
   5   0   4   16       40.200
   6   0   4   18       40.200
   7   0   4   20       40.200
   8   0   4   22       40.200
   9   0   4   24       40.200
 ** TOTAL NUMBER OF NONZERO V2 MATRIX ELEMENTS IS    26

 ** J =   20 JLPAR = 1 STARTED

 ** LOGD PROPAGATION:
         RSTART =  5.600  REND =  8.000  SPAC =0.1500  NSTEP =   17  NCH =  9

 ** LOG-DERIVATIVE MATRIX AFTER LOGDB; R =  8.00000000E+00

          1           2           3           4           5           6
   1  -1.9655E+01  8.4606E+00 -5.6658E+00  5.3801E+00  4.2329E+00 -3.9588E+00
   2   8.4660E+00 -9.6002E-01 -4.1574E+00 -3.3511E+00  1.7850E+00  4.2712E+00
   3  -5.6704E+00 -4.1611E+00 -7.4182E+00 -3.0783E+00  2.7343E+00  9.4703E+00
   4   5.3858E+00 -3.3511E+00 -3.0817E+00  4.1673E+00  6.1122E+00 -1.1491E+00
   5   4.2329E+00  1.7915E+00  2.7343E+00  6.1122E+00  2.4300E+01  4.4531E+01
   6  -3.9588E+00  4.2684E+00  9.4730E+00 -1.1491E+00  4.4529E+01  8.3196E+01
   7   4.6499E+00 -4.2129E-01 -4.4967E+00  1.9921E+00 -1.8015E+01 -3.2053E+01
   8  -6.0339E+00 -7.5046E+00 -7.1260E+00 -5.1154E+00 -4.6111E+01 -8.9465E+01
   9   9.6590E+00  2.3485E+00 -6.0129E+00  2.8502E+00 -2.0375E+01 -1.9715E+01

          7           8           9
   1   4.6499E+00 -6.0339E+00  9.6590E+00
   2  -4.2228E-01 -7.5046E+00  2.3485E+00
   3  -4.4928E+00 -7.1295E+00 -6.0129E+00
   4   1.9914E+00 -5.1131E+00  2.8434E+00
   5  -1.8015E+01 -4.6111E+01 -2.0375E+01
   6  -3.2049E+01 -8.9465E+01 -1.9715E+01
   7   1.3146E+01  3.9679E+01  8.5854E+00
   8   3.9675E+01  9.1038E+01  2.3973E+01
   9   8.5854E+00  2.3971E+01  9.4798E+00
 ** AIRY PROPAGATION - FIRST ENERGY; TRANSFORMATION MATRICES NOT WRITTEN
         RBEGIN =  8.000  REND = 25.000     TOLAI = 1.1E+00  NINTERVAL =  6
         DR-MIN =  2.250  DR-MAX =   3.935  R-INCR =  3.000

 ** LOG-DERIVATIVE MATRIX AFTER AIRPRP; R =  2.50000000E+01

          1           2           3           4           5           6
   1   1.2576E+01 -1.0395E+00 -6.9914E-01  2.5158E+00 -9.0224E+00  6.0845E+00
   2  -1.0395E+00  5.9599E+00 -2.3619E+00  7.4444E+00  1.5295E+01 -1.0650E+01
   3  -6.9914E-01 -2.3619E+00  8.5000E+00  2.1990E+00 -6.5794E+00  3.5081E+00
   4   2.5158E+00  7.4444E+00  2.1990E+00 -1.5954E+01 -1.3728E+01  8.0786E+00
   5  -9.0224E+00  1.5295E+01 -6.5794E+00 -1.3728E+01  9.3826E-01 -3.9665E+00
   6   6.0845E+00 -1.0650E+01  3.5081E+00  8.0786E+00 -3.9665E+00  5.8628E+00
   7  -3.7447E+00  6.9534E+00 -1.4553E+00 -4.9550E+00  5.8835E+00  5.6940E+00
   8  -6.7101E-01  7.8182E-01 -2.5232E-01  1.5353E+00  3.4239E+00  9.0115E+00
   9   1.2004E+01 -1.8547E+01  8.9507E+00  7.8320E+00 -3.3303E+00  7.4457E+00

          7           8           9
   1  -3.7447E+00 -6.7101E-01  1.2004E+01
   2   6.9534E+00  7.8182E-01 -1.8547E+01
   3  -1.4553E+00 -2.5232E-01  8.9507E+00
   4  -4.9550E+00  1.5353E+00  7.8320E+00
   5   5.8835E+00  3.4239E+00 -3.3303E+00
   6   5.6940E+00  9.0115E+00  7.4457E+00
   7   1.0663E+01 -1.2067E+00 -6.7477E+00
   8  -1.2067E+00 -1.6511E+00  3.1680E+00
   9  -6.7477E+00  3.1680E+00  5.9753E+00

 ** K MATRIX

          1           2           3           4           5           6
   1   2.3775E-01
   2  -4.2763E-02 -1.7698E-01
   3  -6.2802E-03  9.4095E-02 -3.6827E-01
   4  -1.0827E-01 -7.5255E-01  2.1895E-01  1.7180E+00
   5  -6.1761E-01  2.9648E-02  6.1067E-01  1.6543E+00  6.7639E-01
   6  -4.3126E-01  1.5509E-01  3.4500E-01  1.0788E+00  7.7576E-01  6.3834E-01
   7  -2.9451E-01  1.6523E-01  1.7567E-01  7.3516E-01  8.2930E-01 -3.0427E-01
   8  -2.9726E-02 -9.0195E-02  7.1178E-02  1.6133E-01 -1.1639E-01  9.5123E-01
   9   7.3374E-01 -5.0544E-01 -6.7002E-01 -1.3804E+00 -2.0127E-01 -4.9591E-01

          7           8           9
   7   9.1691E-01
   8   3.5690E-01 -1.1409E-01
   9  -5.0359E-01 -4.0962E-01 -2.4331E-01

 ** TIMING (CPU/ELAPSED)
   BAS= 00:00:00.00 POT= 00:00:00.00 LOGD= 00:00:00.00 SMAT= 00:00:00.00
  AIRY= 00:00:00.01 PSI0= 00:00:00.00
 ** TURNING POINTS:  MIN=  6.024  MAX=  6.165 BOHR
 
 ** REAL PART OF THE S MATRIX; ENERGY =  5.0000E+02

          1           2           3           4           5           6
   1   5.8314E-01  3.3381E-01  3.1272E-01  2.1162E-01  3.3866E-02  1.1626E-01
   2   3.3381E-01  3.5926E-01 -2.3924E-02 -1.3866E-02  1.5320E-01  1.0346E-01
   3   3.1272E-01 -2.3924E-02  4.9596E-01 -2.5937E-01  8.9546E-02 -1.2427E-01
   4   2.1162E-01 -1.3866E-02 -2.5937E-01 -3.4432E-01 -3.8944E-01 -2.4977E-01
   5   3.3866E-02  1.5320E-01  8.9546E-02 -3.8944E-01  1.4589E-01  6.5072E-02
   6   1.1626E-01  1.0346E-01 -1.2427E-01 -2.4977E-01  6.5072E-02 -1.4436E-01
   7   1.6862E-01 -5.5603E-02 -1.4907E-01 -1.9535E-01 -1.4696E-01  4.7038E-02
   8   1.6035E-01 -2.5237E-01 -1.0354E-01 -1.6286E-01 -1.9745E-01  7.9981E-02
   9   5.5895E-02 -2.1800E-01 -1.6671E-01 -1.7528E-01  5.9932E-01  3.4561E-01

          7           8           9
   1   1.6862E-01  1.6035E-01  5.5895E-02
   2  -5.5603E-02 -2.5237E-01 -2.1800E-01
   3  -1.4907E-01 -1.0354E-01 -1.6671E-01
   4  -1.9535E-01 -1.6286E-01 -1.7528E-01
   5  -1.4696E-01 -1.9745E-01  5.9932E-01
   6   4.7038E-02  7.9981E-02  3.4561E-01
   7  -2.9578E-03  3.1184E-01  1.9584E-01
   8   3.1184E-01  2.4110E-01  1.0761E-01
   9   1.9584E-01  1.0761E-01  9.0296E-02
 
 ** IMAGINARY PART OF THE S MATRIX; ENERGY =  5.0000E+02

          1           2           3           4           5           6
   1  -2.5278E-01  2.5243E-01 -1.7012E-02 -2.6355E-01  2.0378E-01  1.2080E-01
   2   2.5243E-01  1.0230E-01 -3.7916E-01  5.0371E-01 -7.6103E-03 -1.1350E-01
   3  -1.7012E-02 -3.7916E-01  5.2198E-01  1.6012E-02 -1.7674E-01 -1.1741E-01
   4  -2.6355E-01  5.0371E-01  1.6012E-02 -2.1556E-01 -2.3025E-01 -5.4326E-02
   5   2.0378E-01 -7.6103E-03 -1.7674E-01 -2.3025E-01 -7.7986E-05 -1.1009E-01
   6   1.2080E-01 -1.1350E-01 -1.1741E-01 -5.4326E-02 -1.1009E-01 -1.4063E-01
   7   2.4184E-02 -1.7619E-01  1.5531E-03  2.4096E-02 -1.6823E-01  5.3135E-01
   8  -1.0487E-01 -4.2370E-02  4.4242E-02  8.9331E-02  4.1816E-01 -6.1050E-01
   9  -2.6256E-01  3.0465E-01  2.0109E-01  1.5905E-01 -1.7117E-01  1.1689E-01

          7           8           9
   1   2.4184E-02 -1.0487E-01 -2.6256E-01
   2  -1.7619E-01 -4.2370E-02  3.0465E-01
   3   1.5531E-03  4.4242E-02  2.0109E-01
   4   2.4096E-02  8.9331E-02  1.5905E-01
   5  -1.6823E-01  4.1816E-01 -1.7117E-01
   6   5.3135E-01 -6.1050E-01  1.1689E-01
   7  -5.6204E-01 -2.5978E-01  1.4986E-01
   8  -2.5978E-01 -9.0362E-03  1.5213E-01
   9   1.4986E-01  1.5213E-01  1.9515E-01
 
 ** MODULUS SQUARED T-MATRIX; ENERGY =  5.0000E+02

          1           2           3           4           5           6
   1   2.3767E-01
   2   1.7515E-01  4.2102E-01
   3   9.8084E-02  1.4434E-01  5.2652E-01
   4   1.1424E-01  2.5392E-01  6.7530E-02  1.8537E+00
   5   4.2674E-02  2.3529E-02  3.9256E-02  2.0468E-01  7.2950E-01
   6   2.8110E-02  2.3585E-02  2.9230E-02  6.5338E-02  1.6355E-02  1.3293E+00
   7   2.9018E-02  3.4133E-02  2.2225E-02  3.8743E-02  4.9899E-02  2.8455E-01
   8   3.6712E-02  6.5485E-02  1.2677E-02  3.4503E-02  2.1385E-01  3.7911E-01
   9   7.2061E-02  1.4034E-01  6.8228E-02  5.6020E-02  3.8848E-01  1.3311E-01

          7           8           9
   7   1.3218E+00
   8   1.6473E-01  5.7601E-01
   9   6.0810E-02  3.4723E-02  8.6564E-01

 ** INTEGRATION WILL START  .424 BOHR INSIDE INNER TURNING POINT

 LEVEL LIST FOR INTEGRAL CROSS SECTIONS
   N   J  INDEX    EINT(CM-1)  EKIN(CM-1)

   1    0     0        0.000    500.000
   2    2     0       12.060    487.940
   3    4     0       40.200    459.800

 ** INTEGRAL CROSS SECTIONS; IEN= 1 **
    RMU=  16.4700  E=   500.000  JTOT-1= 20  JTOT-2=  20  JTOT-D=  5

   INITIAL STATE       FINAL STATE
   N   J   INDEX       1          2          3
   1   0      0    6.266D-02  1.022D-01  5.499D-02
   2   2      0    2.094D-02  2.017D-01  4.636D-02
   3   4      0    6.644D-03  2.733D-02  2.636D-01
 ==============================
 **** END OF CALCULATION ****
      MAXIMUM NUMBER OF CHANNELS USED WAS:    9
      TIMING:  ELAPSED 00:00:00.15 / CPU 00:00:00.03 
      CURRENT DATE:    5-Feb-99  15:23:03
 ===============================================================================
 CS INTEGRAL AND PARTIAL TESTS                   
 PATTENGILL-LABUDDE-BERNSTEIN AR-N2              
 ==============================
     *** Parameters:
 JTOT1  =  20        JTOT2  =  20        JTOTD  =   5        JLPAR  =   1
 NERG   =   1        NUMAX  =   4        NUMIN  =   0        NUD    =   1
 LSCREEN=  48        IPRINT =   0
 FSTFAC =  15.00     RINCR  =  3.000     RCUT   =  30.00     RENDAI =  25.00    
 RENDLD =  8.000     RSTART =  5.600     SPAC   = 0.1500     TOLAI  =  1.150    
 XMU    =  16.47    
     *** 1-SIGMA system parameters:
 NTERM  =   1        VMIN   =   0        VMAX   =   0        JMIN   =   0
 JMAX   =  10
 BROT   =  2.010     DROT   = 0.0000E+00 HROT   = 0.0000E+00 EVIB   = 0.0000E+00
 LAMMIN:    2
 LAMMAX:    2
 MPROJ:     0
     *** Flags:
 AIRYFL= T    BASTST= F    BATCH = F    CHLIST= T    CSFLAG= T    FLAGHF= F
 FLAGSU= F    IHOMO = T    IPOS  = F    LOGDFL= T    NOPRIN= F    NUCROS= F
 PHOTOF= F    PRAIRY= F    PRLOGD= T    PRPART= F    PRSMAT= T    PRT2  = T
 PRXSEC= T    READPT= F    RSFLAG= F    T2TEST= F    TWOMOL= F    WAVEFL= F
 WRPART= F    WRSMAT= F    WRXSEC= F    BOUNDC= F
 ** Energies:      500.000000
 NOUT:  4; JOUT:   0   2   4   6
 INDOUT:    0
 ==============================
 ** RESTART INFORMATION SAVED IN FILE Job.sav

 --------------------------------------------------------------------------
           HIBRIDON SCATTERING CODE V 4.1.2 02/05/99 15:22:10 EST

     AUTHORS: M. ALEXANDER, D. MANOLOPOULOS, H.-J. WERNER, B. FOLLMEG
 CONTRIBUTORS: D. LEMOINE, P. VOHRALIK, G. COREY, R. JOHNSON, T. ORLIKOWSKI
               A. BERNING, A. DEGLI-ESPOSTI, C. RIST, P. DAGDIGIAN, B. POUILLY
               G. VAN DER SANDEN, M. YANG, F. DE WEERD, S. GREGURICK
 --------------------------------------------------------------------------

 -----------------------------------------------------------------------------
 All publications resulting from use of the integrators included in the
 Hibridon code must include the following reference:

 D. E. Manolopoulos, J. Chem. Phys. 85, 6425 (1986); M. H. Alexander and D. E.
 Manolopoulos, J. Chem. Phys. 80, 2044 (1987).

 All publications involving the determination ofphotodissociation cross sections
 must also include the following reference:

 M. H. Alexander, Comput. Phys. Commun, 75, 87 (1993).

 All publications investigating flux redistribution must include the following references:

 M. H. Alexander, J. Chem. Phys. 95, 8931 (1991); D. E. Manolopoulos and
 M. H. Alexander, J. Chem. Phys.  97, 2527 (1992).

 All publications resulting from use of the Hibridon package must include
 the following reference:

 HIBRIDON is a package of programs for the time-independent quantum treatment
 of inelastic collisions and photodissociation written by M. H. Alexander,
 D. E.  Manolopoulos, H.-J. Werner, and B. Follmeg, with contributions by
 P. F. Vohralik, D. Lemoine, G. Corey, B. Johnson, T. Orlikowski, A. Berning,
 A. Degli-Esposti, C. Rist, P. Dagdigian, B. Pouilly, G. van der Sanden, M. Yang, F. de Weerd, and S. Gregurick
 -----------------------------------------------------------------------------

 ** LABEL:     CS INTEGRAL AND PARTIAL TESTS                   
 ** POT NAME:  PATTENGILL-LABUDDE-BERNSTEIN AR-N2              
 ** DATE:        5-Feb-99  15:23:03
 ** NMAX=  36  NAIRY=  36

 **  CS SINGLET SIGMA DIATOMIC ** RMU=  16.4700       E= 500.00   JTOT=   20   NU= 0

 OPEN CHANNELS ELIMINATED WHICH ARE CLOSED AT R= 30.00

 State    B(v)         D(v)        H(v)          E(v)
   0    2.0100     0.00000E+00 0.00000E+00     0.00000000

   N   V   J    L      EINT(CM-1)

   1   0   0   20        0.000
   2   0   2   20       12.060
   3   0   4   20       40.200
   4   0   6   20       84.420
   5   0   8   20      144.720
   6   0  10   20      221.100
 ** TOTAL NUMBER OF NONZERO V2 MATRIX ELEMENTS IS    10

 ** J =   20 JLPAR = 1 STARTED

 ** LOGD PROPAGATION:
         RSTART =  5.600  REND =  8.000  SPAC =0.1500  NSTEP =   17  NCH =  6

 ** LOG-DERIVATIVE MATRIX AFTER LOGDB; R =  8.00000000E+00

          1           2           3           4           5           6
   1   3.7233E+02  3.5750E+01 -6.9336E+01  2.4775E+02 -3.0199E+02  2.0395E+01
   2   3.5759E+01  2.6886E+00  6.6152E+00  1.2288E+01 -3.0074E+01  4.5612E-02
   3  -6.9336E+01  6.6230E+00  1.1775E+01 -5.0794E+01  4.1292E+01 -7.1445E+00
   4   2.4775E+02  1.2288E+01 -5.0786E+01  1.5223E+02 -1.9957E+02  7.5747E+00
   5  -3.0199E+02 -3.0074E+01  4.1292E+01 -1.9957E+02  2.4130E+02 -2.5839E+01
   6   2.0395E+01  4.5612E-02 -7.1445E+00  7.5747E+00 -2.5831E+01 -7.6382E+00
 ** AIRY PROPAGATION - FIRST ENERGY; TRANSFORMATION MATRICES NOT WRITTEN
         RBEGIN =  8.000  REND = 25.000     TOLAI = 1.1E+00  NINTERVAL =  6
         DR-MIN =  2.250  DR-MAX =   3.935  R-INCR =  3.000

 ** LOG-DERIVATIVE MATRIX AFTER AIRPRP; R =  2.50000000E+01

          1           2           3           4           5           6
   1   6.4074E+00  6.8317E+00  4.8487E+00 -8.1086E+00 -2.1333E+00  1.7448E+01
   2   6.8317E+00 -1.0425E+01 -1.2689E+01 -4.1649E+00  1.6873E+00 -1.0993E+01
   3   4.8487E+00 -1.2689E+01 -8.3483E+00 -8.9156E+00  1.2827E+00  2.1221E+00
   4  -8.1086E+00 -4.1649E+00 -8.9156E+00  7.9175E-01 -3.2306E+00 -1.1393E+01
   5  -2.1333E+00  1.6873E+00  1.2827E+00 -3.2306E+00 -9.4973E-02  1.2161E+01
   6   1.7448E+01 -1.0993E+01  2.1221E+00 -1.1393E+01  1.2161E+01  1.0168E+01

 ** K MATRIX

          1           2           3           4           5           6
   1  -1.5771E+00
   2  -8.1929E-01 -8.1422E-01
   3  -4.7837E-01 -1.4141E-01 -4.1696E-01
   4  -2.4811E+00 -2.4493E+00  4.8216E-01 -2.7468E+00
   5   1.2600E+00 -1.5100E-01  1.1166E+00  1.6892E+00 -2.0300E-01
   6   2.1287E-01  1.0277E+00 -9.4560E-01  2.3109E-01  1.5478E-01 -9.6330E-01

 ** TIMING (CPU/ELAPSED)
   BAS= 00:00:00.00 POT= 00:00:00.00 LOGD= 00:00:00.00 SMAT= 00:00:00.00
  AIRY= 00:00:00.01 PSI0= 00:00:00.00
 ** TURNING POINTS:  MIN=  6.024  MAX=  6.306 BOHR
 
 ** REAL PART OF THE S MATRIX; ENERGY =  5.0000E+02

          1           2           3           4           5           6
   1   1.9849E-01 -3.6513E-01 -1.6745E-01 -4.7799E-01  3.9323E-01 -1.9345E-01
   2  -3.6513E-01  4.5922E-02  6.3159E-01 -1.5356E-01  3.2417E-01  2.1308E-01
   3  -1.6745E-01  6.3159E-01  1.3781E-01 -3.1260E-01  3.0984E-02 -3.6309E-01
   4  -4.7799E-01 -1.5356E-01 -3.1260E-01 -4.6800E-01 -1.6706E-02  3.9595E-01
   5   3.9323E-01  3.2417E-01  3.0984E-02 -1.6706E-02 -3.2854E-02  4.7736E-01
   6  -1.9345E-01  2.1308E-01 -3.6309E-01  3.9595E-01  4.7736E-01  1.8217E-01
 
 ** IMAGINARY PART OF THE S MATRIX; ENERGY =  5.0000E+02

          1           2           3           4           5           6
   1  -1.2936E-01 -2.5162E-01  6.0346E-02  2.2752E-01 -4.6114E-01 -1.7496E-01
   2  -2.5162E-01  9.5628E-02  1.5015E-01  3.3273E-01  2.0502E-01 -2.0940E-01
   3   6.0346E-02  1.5015E-01  2.5643E-01 -2.4415E-01 -3.7356E-01  1.8014E-01
   4   2.2752E-01  3.3273E-01 -2.4415E-01 -1.3326E-02 -3.5182E-02  2.2504E-01
   5  -4.6114E-01  2.0502E-01 -3.7356E-01 -3.5182E-02 -3.3046E-01 -7.3565E-02
   6  -1.7496E-01 -2.0940E-01  1.8014E-01  2.2504E-01 -7.3565E-02  4.5226E-01
 
 ** MODULUS SQUARED T-MATRIX; ENERGY =  5.0000E+02

          1           2           3           4           5           6
   1   6.5915E-01
   2   1.9663E-01  9.1941E-01
   3   3.1681E-02  4.2145E-01  8.0912E-01
   4   2.8024E-01  1.3429E-01  1.5733E-01  2.1552E+00
   5   3.6728E-01  1.4712E-01  1.4051E-01  1.5169E-03  1.1760E+00
   6   6.8036E-02  8.9251E-02  1.6428E-01  2.0742E-01  2.3329E-01  8.7338E-01

 **  CS SINGLET SIGMA DIATOMIC ** RMU=  16.4700       E= 500.00   JTOT=   20   NU= 1

 OPEN CHANNELS ELIMINATED WHICH ARE CLOSED AT R= 30.00

 State    B(v)         D(v)        H(v)          E(v)
   0    2.0100     0.00000E+00 0.00000E+00     0.00000000

   N   V   J    L      EINT(CM-1)

   1   0   2   20       12.060
   2   0   4   20       40.200
   3   0   6   20       84.420
   4   0   8   20      144.720
   5   0  10   20      221.100
 ** TOTAL NUMBER OF NONZERO V2 MATRIX ELEMENTS IS     9

 ** J =   20 JLPAR = 1 STARTED

 ** LOGD PROPAGATION:
         RSTART =  5.600  REND =  8.000  SPAC =0.1500  NSTEP =   17  NCH =  5

 ** LOG-DERIVATIVE MATRIX AFTER LOGDB; R =  8.00000000E+00

          1           2           3           4           5
   1   2.1549E+00  2.3127E+00  4.6232E+00 -1.1138E+01 -3.6011E-01
   2   2.3198E+00  2.0257E+00 -8.5484E+00 -8.5365E+00 -3.6914E+00
   3   4.6232E+00 -8.5410E+00 -1.2400E+01 -7.2444E+00 -7.1610E+00
   4  -1.1138E+01 -8.5365E+00 -7.2369E+00  7.7851E-01 -1.0464E+01
   5  -3.6011E-01 -3.6914E+00 -7.1610E+00 -1.0456E+01 -9.9711E+00
 ** AIRY PROPAGATION - FIRST ENERGY; TRANSFORMATION MATRICES NOT WRITTEN
         RBEGIN =  8.000  REND = 25.000     TOLAI = 1.1E+00  NINTERVAL =  6
         DR-MIN =  2.250  DR-MAX =   3.935  R-INCR =  3.000

 ** LOG-DERIVATIVE MATRIX AFTER AIRPRP; R =  2.50000000E+01

          1           2           3           4           5
   1   1.9164E+02  2.7505E+01 -1.2357E+02 -4.0113E+01  2.3137E+02
   2   2.7505E+01  3.2668E+01 -9.0961E+00 -7.4709E+00  4.8506E+01
   3  -1.2357E+02 -9.0961E+00  8.4544E+01  2.1685E+01 -1.5154E+02
   4  -4.0113E+01 -7.4709E+00  2.1685E+01  7.5876E+00 -3.7741E+01
   5   2.3137E+02  4.8506E+01 -1.5154E+02 -3.7741E+01  2.9279E+02

 ** K MATRIX

          1           2           3           4           5
   1  -1.2355E-01
   2   2.1120E-01 -6.8453E-01
   3   2.4506E-01  1.9316E+00 -1.2515E+00
   4  -9.1145E-01  1.0089E+00 -1.2972E-01  2.0731E-01
   5   4.7762E-01 -1.4662E+00  7.0167E-01  5.9101E-01 -1.4663E+00

 ** TIMING (CPU/ELAPSED)
   BAS= 00:00:00.00 POT= 00:00:00.00 LOGD= 00:00:00.00 SMAT= 00:00:00.00
  AIRY= 00:00:00.00 PSI0= 00:00:00.00
 ** TURNING POINTS:  MIN=  6.094  MAX=  6.306 BOHR
 
 ** REAL PART OF THE S MATRIX; ENERGY =  5.0000E+02

          1           2           3           4           5
   1   1.5227E-01  7.8042E-02  1.9789E-01  8.8600E-02  3.8017E-01
   2   7.8042E-02 -4.5738E-01  1.8262E-01 -1.3261E-01 -3.4844E-01
   3   1.9789E-01  1.8262E-01 -3.1940E-01 -9.9248E-02  3.5457E-01
   4   8.8600E-02 -1.3261E-01 -9.9248E-02  1.6882E-02  4.9411E-01
   5   3.8017E-01 -3.4844E-01  3.5457E-01  4.9411E-01  1.5934E-01
 
 ** IMAGINARY PART OF THE S MATRIX; ENERGY =  5.0000E+02

          1           2           3           4           5
   1  -2.3441E-02 -1.0416E-01 -4.4072E-01  7.5412E-01 -6.9692E-02
   2  -1.0416E-01 -3.7491E-01 -6.1143E-01 -2.1919E-01  1.9766E-01
   3  -4.4072E-01 -6.1143E-01  1.8885E-01 -1.0457E-01  2.7426E-01
   4   7.5412E-01 -2.1919E-01 -1.0457E-01 -3.0118E-01 -4.3590E-02
   5  -6.9692E-02  1.9766E-01  2.7426E-01 -4.3590E-02  4.6664E-01
 
 ** MODULUS SQUARED T-MATRIX; ENERGY =  5.0000E+02

          1           2           3           4           5
   1   7.1920E-01
   2   1.6939E-02  2.2645E+00
   3   2.3340E-01  4.0720E-01  1.7765E+00
   4   5.7654E-01  6.5631E-02  2.0785E-02  1.0572E+00
   5   1.4939E-01  1.6048E-01  2.0094E-01  2.4605E-01  9.2446E-01

 **  CS SINGLET SIGMA DIATOMIC ** RMU=  16.4700       E= 500.00   JTOT=   20   NU= 2

 OPEN CHANNELS ELIMINATED WHICH ARE CLOSED AT R= 30.00

 State    B(v)         D(v)        H(v)          E(v)
   0    2.0100     0.00000E+00 0.00000E+00     0.00000000

   N   V   J    L      EINT(CM-1)

   1   0   2   20       12.060
   2   0   4   20       40.200
   3   0   6   20       84.420
   4   0   8   20      144.720
   5   0  10   20      221.100
 ** TOTAL NUMBER OF NONZERO V2 MATRIX ELEMENTS IS     9

 ** J =   20 JLPAR = 1 STARTED

 ** LOGD PROPAGATION:
         RSTART =  5.600  REND =  8.000  SPAC =0.1500  NSTEP =   17  NCH =  5

 ** LOG-DERIVATIVE MATRIX AFTER LOGDB; R =  8.00000000E+00

          1           2           3           4           5
   1  -2.6728E+01 -7.1171E-01  2.2240E+01 -1.3950E+01  2.2759E+00
   2  -7.0669E-01 -6.1603E+00 -2.0952E-01 -1.4071E+01 -4.2160E+00
   3   2.2240E+01 -2.0288E-01 -4.7806E+01 -1.6370E+00 -1.4922E+01
   4  -1.3950E+01 -1.4071E+01 -1.6299E+00 -1.6205E+01 -1.3499E+01
   5   2.2759E+00 -4.2160E+00 -1.4922E+01 -1.3492E+01 -1.5333E+01
 ** AIRY PROPAGATION - FIRST ENERGY; TRANSFORMATION MATRICES NOT WRITTEN
         RBEGIN =  8.000  REND = 25.000     TOLAI = 1.1E+00  NINTERVAL =  6
         DR-MIN =  2.250  DR-MAX =   3.935  R-INCR =  3.000

 ** LOG-DERIVATIVE MATRIX AFTER AIRPRP; R =  2.50000000E+01

          1           2           3           4           5
   1   3.7394E+00 -9.7339E-01 -6.1195E+00 -2.9561E+00  8.3421E+00
   2  -9.7339E-01  4.0350E+00 -4.0748E+00 -3.5148E+00  1.2988E+01
   3  -6.1195E+00 -4.0748E+00 -1.3957E+00 -1.9503E+00 -7.0104E+00
   4  -2.9561E+00 -3.5148E+00 -1.9503E+00 -2.9974E+00  8.8606E+00
   5   8.3421E+00  1.2988E+01 -7.0104E+00  8.8606E+00  1.2581E+01

 ** K MATRIX

          1           2           3           4           5
   1  -1.2564E+00
   2   1.0689E+00 -6.7028E-01
   3  -7.2551E-01 -8.0556E-01  3.9652E+00
   4  -1.4987E+00  1.5174E+00  9.3549E-01 -9.1253E-01
   5   1.3793E+00 -8.8176E-01 -2.1283E+00  9.3616E-01 -8.5962E-01

 ** TIMING (CPU/ELAPSED)
   BAS= 00:00:00.00 POT= 00:00:00.00 LOGD= 00:00:00.00 SMAT= 00:00:00.00
  AIRY= 00:00:00.00 PSI0= 00:00:00.00
 ** TURNING POINTS:  MIN=  5.953  MAX=  6.306 BOHR
 
 ** REAL PART OF THE S MATRIX; ENERGY =  5.0000E+02

          1           2           3           4           5
   1   1.9005E-01  4.5095E-01  4.1682E-01 -4.1113E-01  1.3746E-01
   2   4.5095E-01  2.2604E-01  2.1508E-02  1.3289E-01 -4.6418E-01
   3   4.1682E-01  2.1508E-02 -7.0640E-01 -2.8857E-02  3.0408E-01
   4  -4.1113E-01  1.3289E-01 -2.8857E-02  5.2051E-02  5.0151E-01
   5   1.3746E-01 -4.6418E-01  3.0408E-01  5.0151E-01  8.3687E-02
 
 ** IMAGINARY PART OF THE S MATRIX; ENERGY =  5.0000E+02

          1           2           3           4           5
   1   5.0980E-01  1.1103E-01  2.5104E-01  2.0543E-01  1.4636E-01
   2   1.1103E-01 -2.5386E-01  1.1730E-01 -6.4892E-01 -1.8567E-02
   3   2.5104E-01  1.1730E-01 -1.7029E-01  6.3765E-03  3.5732E-01
   4   2.0543E-01 -6.4892E-01  6.3765E-03 -3.0027E-01  6.9045E-02
   5   1.4636E-01 -1.8567E-02  3.5732E-01  6.9045E-02  5.1034E-01
 
 ** MODULUS SQUARED T-MATRIX; ENERGY =  5.0000E+02

          1           2           3           4           5
   1   9.1592E-01
   2   2.1568E-01  6.6346E-01
   3   2.3676E-01  1.4221E-02  2.9408E+00
   4   2.1123E-01  4.3875E-01  8.7340E-04  9.8877E-01
   5   4.0316E-02  2.1581E-01  2.2014E-01  2.5628E-01  1.1001E+00

 **  CS SINGLET SIGMA DIATOMIC ** RMU=  16.4700       E= 500.00   JTOT=   20   NU= 3

 OPEN CHANNELS ELIMINATED WHICH ARE CLOSED AT R= 30.00

 State    B(v)         D(v)        H(v)          E(v)
   0    2.0100     0.00000E+00 0.00000E+00     0.00000000

   N   V   J    L      EINT(CM-1)

   1   0   4   20       40.200
   2   0   6   20       84.420
   3   0   8   20      144.720
   4   0  10   20      221.100
 ** TOTAL NUMBER OF NONZERO V2 MATRIX ELEMENTS IS     7

 ** J =   20 JLPAR = 1 STARTED

 ** LOGD PROPAGATION:
         RSTART =  5.600  REND =  8.000  SPAC =0.1500  NSTEP =   17  NCH =  4

 ** LOG-DERIVATIVE MATRIX AFTER LOGDB; R =  8.00000000E+00

          1           2           3           4
   1  -1.7691E+01 -5.4236E+01 -5.1560E+01 -3.8761E+01
   2  -5.4231E+01 -7.1448E+01 -1.0523E+02 -6.9762E+01
   3  -5.1560E+01 -1.0522E+02 -1.2018E+02 -9.2781E+01
   4  -3.8761E+01 -6.9762E+01 -9.2774E+01 -7.2764E+01
 ** AIRY PROPAGATION - FIRST ENERGY; TRANSFORMATION MATRICES NOT WRITTEN
         RBEGIN =  8.000  REND = 25.000     TOLAI = 1.1E+00  NINTERVAL =  6
         DR-MIN =  2.250  DR-MAX =   3.935  R-INCR =  3.000

 ** LOG-DERIVATIVE MATRIX AFTER AIRPRP; R =  2.50000000E+01

          1           2           3           4
   1  -2.1915E+02 -1.3617E+02 -1.0505E+02  1.5529E+02
   2  -1.3617E+02 -8.7348E+01 -6.0995E+01  8.2318E+01
   3  -1.0505E+02 -6.0995E+01 -5.6103E+01  8.1051E+01
   4   1.5529E+02  8.2318E+01  8.1051E+01 -9.9923E+01

 ** K MATRIX

          1           2           3           4
   1   4.0904E+00
   2   4.3524E-01  9.6396E-01
   3  -3.1694E+00  4.2396E-01  3.1257E+00
   4   2.7889E+00 -7.5749E-01 -2.5982E+00  1.4075E+00

 ** TIMING (CPU/ELAPSED)
   BAS= 00:00:00.00 POT= 00:00:00.00 LOGD= 00:00:00.00 SMAT= 00:00:00.00
  AIRY= 00:00:00.00 PSI0= 00:00:00.00
 ** TURNING POINTS:  MIN=  6.024  MAX=  6.306 BOHR
 
 ** REAL PART OF THE S MATRIX; ENERGY =  5.0000E+02

          1           2           3           4
   1  -2.5995E-01 -3.4008E-01  6.7564E-01 -2.0037E-01
   2  -3.4008E-01 -9.6261E-02 -3.9001E-01  6.9599E-02
   3   6.7564E-01 -3.9001E-01  1.9655E-01  4.8090E-01
   4  -2.0037E-01  6.9599E-02  4.8090E-01 -6.8613E-02
 
 ** IMAGINARY PART OF THE S MATRIX; ENERGY =  5.0000E+02

          1           2           3           4
   1  -1.7889E-01 -4.3250E-01 -1.4272E-01 -2.8409E-01
   2  -4.3250E-01 -5.0509E-01 -6.1124E-02  5.2175E-01
   3  -1.4272E-01 -6.1124E-02 -1.8384E-01  2.5219E-01
   4  -2.8409E-01  5.2175E-01  2.5219E-01  5.5000E-01
 
 ** MODULUS SQUARED T-MATRIX; ENERGY =  5.0000E+02

          1           2           3           4
   1   1.6195E+00
   2   3.0271E-01  1.4569E+00
   3   4.7686E-01  1.5584E-01  6.7932E-01
   4   1.2086E-01  2.7707E-01  2.9486E-01  1.4444E+00

 **  CS SINGLET SIGMA DIATOMIC ** RMU=  16.4700       E= 500.00   JTOT=   20   NU= 4

 OPEN CHANNELS ELIMINATED WHICH ARE CLOSED AT R= 30.00

 State    B(v)         D(v)        H(v)          E(v)
   0    2.0100     0.00000E+00 0.00000E+00     0.00000000

   N   V   J    L      EINT(CM-1)

   1   0   4   20       40.200
   2   0   6   20       84.420
   3   0   8   20      144.720
   4   0  10   20      221.100
 ** TOTAL NUMBER OF NONZERO V2 MATRIX ELEMENTS IS     7

 ** J =   20 JLPAR = 1 STARTED

 ** LOGD PROPAGATION:
         RSTART =  5.600  REND =  8.000  SPAC =0.1500  NSTEP =   17  NCH =  4

 ** LOG-DERIVATIVE MATRIX AFTER LOGDB; R =  8.00000000E+00

          1           2           3           4
   1  -1.4629E+00  6.1818E-01  7.9108E+00  6.5211E+00
   2   6.2161E-01  1.0355E+01  1.8560E+01  1.7993E+01
   3   7.9108E+00  1.8566E+01  2.1343E+01  1.4715E+01
   4   6.5211E+00  1.7993E+01  1.4721E+01 -1.1223E-01
 ** AIRY PROPAGATION - FIRST ENERGY; TRANSFORMATION MATRICES NOT WRITTEN
         RBEGIN =  8.000  REND = 25.000     TOLAI = 1.1E+00  NINTERVAL =  6
         DR-MIN =  2.250  DR-MAX =   3.935  R-INCR =  3.000

 ** LOG-DERIVATIVE MATRIX AFTER AIRPRP; R =  2.50000000E+01

          1           2           3           4
   1   1.0010E+01  1.7667E+01 -1.3906E+01  1.5302E+01
   2   1.7667E+01  1.0321E+02 -1.3789E+02  1.3586E+02
   3  -1.3906E+01 -1.3789E+02  1.7906E+02 -1.8466E+02
   4   1.5302E+01  1.3586E+02 -1.8466E+02  1.9824E+02

 ** K MATRIX

          1           2           3           4
   1   5.5034E-01
   2   3.6711E-01 -3.5551E-01
   3  -5.3421E-01  7.8992E-01  3.9790E-01
   4   5.5569E-01 -1.0480E+00 -5.2411E-01 -1.0919E+00

 ** TIMING (CPU/ELAPSED)
   BAS= 00:00:00.00 POT= 00:00:00.01 LOGD= 00:00:00.00 SMAT= 00:00:00.00
  AIRY= 00:00:00.00 PSI0= 00:00:00.00
 ** TURNING POINTS:  MIN=  5.953  MAX=  6.306 BOHR
 
 ** REAL PART OF THE S MATRIX; ENERGY =  5.0000E+02

          1           2           3           4
   1   1.9996E-01  3.1791E-01  2.2822E-01  6.3242E-02
   2   3.1791E-01 -6.6079E-02 -1.8880E-01 -3.1884E-01
   3   2.2822E-01 -1.8880E-01  2.8556E-02  2.8961E-01
   4   6.3242E-02 -3.1884E-01  2.8961E-01 -3.1268E-01
 
 ** IMAGINARY PART OF THE S MATRIX; ENERGY =  5.0000E+02

          1           2           3           4
   1  -6.9032E-01 -4.4149E-01  3.3224E-01 -1.4498E-01
   2  -4.4149E-01  3.0315E-02 -6.5988E-01  3.5495E-01
   3   3.3224E-01 -6.5988E-01  1.3579E-02  5.3064E-01
   4  -1.4498E-01  3.5495E-01  5.3064E-01  5.3302E-01
 
 ** MODULUS SQUARED T-MATRIX; ENERGY =  5.0000E+02

          1           2           3           4
   1   1.1166E+00
   2   2.9598E-01  1.1374E+00
   3   1.6247E-01  4.7108E-01  9.4389E-01
   4   2.5018E-02  2.2765E-01  3.6545E-01  2.0072E+00

 ** INTEGRATION WILL START  .353 BOHR INSIDE INNER TURNING POINT

 LEVEL LIST FOR INTEGRAL CROSS SECTIONS
   N   J  INDEX    EINT(CM-1)  EKIN(CM-1)

   1    0     0        0.000    500.000
   2    2     0       12.060    487.940
   3    4     0       40.200    459.800
   4    6     0       84.420    415.580
   5    8     0      144.720    355.280
   6   10     0      221.100    278.900

 ** INTEGRAL CROSS SECTIONS; IEN= 1 **
    RMU=  16.4700  E=   500.000  JTOT-1= 20  JTOT-2=  20  JTOT-D=  5
                               NUMIN= 0  NUMAX=  4  NU-D= 1

   INITIAL STATE       FINAL STATE
   N   J   INDEX       1          2          3          4          5
                       6
   1   0      0    1.738D-01  5.184D-02  8.353D-03  7.389D-02  9.684D-02
                   1.794D-02
   2   2      0    1.062D-02  2.264D-01  4.791D-02  5.807D-02  9.308D-02
                   2.532D-02
   3   4      0    1.009D-03  2.825D-02  3.866D-01  7.001D-02  7.735D-02
                   3.850D-02

   INITIAL STATE       FINAL STATE
   N   J   INDEX       1          2          3
   4   6      0    6.838D-03  2.622D-02  5.362D-02
   5   8      0    8.017D-03  3.760D-02  5.299D-02
   6  10      0    1.531D-03  1.055D-02  2.720D-02
 ==============================
 **** END OF CALCULATION ****
      MAXIMUM NUMBER OF CHANNELS USED WAS:    6
      TIMING:  ELAPSED 00:00:00.43 / CPU 00:00:00.08 
      CURRENT DATE:    5-Feb-99  15:23:03
 ===============================================================================
 CC INTEGRAL AND PARTIAL TESTS                   
 PATTENGILL-LABUDDE-BERNSTEIN AR-N2              
 ==============================
     *** Parameters:
 JTOT1  =   0        JTOT2  =  20        JTOTD  =   5        JLPAR  =   1
 NERG   =   1        NUMAX  =   0        NUMIN  =   0        NUD    =   1
 LSCREEN=  48        IPRINT =   0
 FSTFAC =  15.00     RINCR  =  3.000     RCUT   =  30.00     RENDAI =  25.00    
 RENDLD =  8.000     RSTART =  5.600     SPAC   = 0.1500     TOLAI  =  1.150    
 XMU    =  16.47    
     *** 1-SIGMA system parameters:
 NTERM  =   1        VMIN   =   0        VMAX   =   0        JMIN   =   0
 JMAX   =  10
 BROT   =  2.010     DROT   = 0.0000E+00 HROT   = 0.0000E+00 EVIB   = 0.0000E+00
 LAMMIN:    2
 LAMMAX:    2
 MPROJ:     0
     *** Flags:
 AIRYFL= T    BASTST= F    BATCH = F    CHLIST= T    CSFLAG= F    FLAGHF= F
 FLAGSU= F    IHOMO = T    IPOS  = F    LOGDFL= T    NOPRIN= T    NUCROS= F
 PHOTOF= F    PRAIRY= F    PRLOGD= F    PRPART= F    PRSMAT= F    PRT2  = F
 PRXSEC= F    READPT= F    RSFLAG= F    T2TEST= F    TWOMOL= F    WAVEFL= F
 WRPART= T    WRSMAT= F    WRXSEC= T    BOUNDC= F
 ** Energies:      500.000000
 NOUT:  4; JOUT:   0   2   4   6
 INDOUT:    0
 ==============================
 ** INTEGRAL CROSS SECTIONS SAVED IN FILE Ccbtest1.ics
 ** RESTART INFORMATION SAVED IN FILE Ccbtest.sav
 ** PARTIAL CROSS SECTIONS SAVED IN FILE Ccbtest1.pcs

 --------------------------------------------------------------------------
           HIBRIDON SCATTERING CODE V 4.1.2 02/05/99 15:22:10 EST

     AUTHORS: M. ALEXANDER, D. MANOLOPOULOS, H.-J. WERNER, B. FOLLMEG
 CONTRIBUTORS: D. LEMOINE, P. VOHRALIK, G. COREY, R. JOHNSON, T. ORLIKOWSKI
               A. BERNING, A. DEGLI-ESPOSTI, C. RIST, P. DAGDIGIAN, B. POUILLY
               G. VAN DER SANDEN, M. YANG, F. DE WEERD, S. GREGURICK
 --------------------------------------------------------------------------

 -----------------------------------------------------------------------------
 All publications resulting from use of the integrators included in the
 Hibridon code must include the following reference:

 D. E. Manolopoulos, J. Chem. Phys. 85, 6425 (1986); M. H. Alexander and D. E.
 Manolopoulos, J. Chem. Phys. 80, 2044 (1987).

 All publications involving the determination ofphotodissociation cross sections
 must also include the following reference:

 M. H. Alexander, Comput. Phys. Commun, 75, 87 (1993).

 All publications investigating flux redistribution must include the following references:

 M. H. Alexander, J. Chem. Phys. 95, 8931 (1991); D. E. Manolopoulos and
 M. H. Alexander, J. Chem. Phys.  97, 2527 (1992).

 All publications resulting from use of the Hibridon package must include
 the following reference:

 HIBRIDON is a package of programs for the time-independent quantum treatment
 of inelastic collisions and photodissociation written by M. H. Alexander,
 D. E.  Manolopoulos, H.-J. Werner, and B. Follmeg, with contributions by
 P. F. Vohralik, D. Lemoine, G. Corey, B. Johnson, T. Orlikowski, A. Berning,
 A. Degli-Esposti, C. Rist, P. Dagdigian, B. Pouilly, G. van der Sanden, M. Yang, F. de Weerd, and S. Gregurick
 -----------------------------------------------------------------------------

 ** LABEL:     CC INTEGRAL AND PARTIAL TESTS                   
 ** POT NAME:  PATTENGILL-LABUDDE-BERNSTEIN AR-N2              
 ** DATE:        5-Feb-99  15:23:03
 ** NMAX=  36  NAIRY=  36

 ** J =    0 JLPAR = 1 STARTED

 ** INTEGRATION WILL START  .424 BOHR INSIDE INNER TURNING POINT
 ** J =    0 JLPAR = 1 FINISHED;  CPU: 00:00:00.00   WALL: 00:00:00.13   DATE:   5-Feb-99  15:23:03

 ** J =    5 JLPAR = 1 STARTED
 ** J =    5 JLPAR = 1 FINISHED;  CPU: 00:00:00.09   WALL: 00:00:00.36   DATE:   5-Feb-99  15:23:03

 ** J =   10 JLPAR = 1 STARTED
 ** J =   10 JLPAR = 1 FINISHED;  CPU: 00:00:00.26   WALL: 00:00:00.65   DATE:   5-Feb-99  15:23:04

 ** J =   15 JLPAR = 1 STARTED
 ** J =   15 JLPAR = 1 FINISHED;  CPU: 00:00:00.41   WALL: 00:00:00.94   DATE:   5-Feb-99  15:23:04

 ** J =   20 JLPAR = 1 STARTED
 ** J =   20 JLPAR = 1 FINISHED;  CPU: 00:00:00.55   WALL: 00:00:01.23   DATE:   5-Feb-99  15:23:04
 **** END OF CALCULATION ****
      MAXIMUM NUMBER OF CHANNELS USED WAS:   36
      TIMING:  ELAPSED 00:00:01.23 / CPU 00:00:00.55 
      CURRENT DATE:    5-Feb-99  15:23:04
 ===============================================================================
 CC TEST OF RESTART                              
 PATTENGILL-LABUDDE-BERNSTEIN AR-N2              
 ==============================
     *** Parameters:
 JTOT1  =   0        JTOT2  =  10        JTOTD  =   5        JLPAR  =   1
 NERG   =   1        NUMAX  =   0        NUMIN  =   0        NUD    =   1
 LSCREEN=  48        IPRINT =   0
 FSTFAC =  15.00     RINCR  =  3.000     RCUT   =  30.00     RENDAI =  25.00    
 RENDLD =  8.000     RSTART =  5.600     SPAC   = 0.1500     TOLAI  =  1.150    
 XMU    =  16.47    
     *** 1-SIGMA system parameters:
 NTERM  =   1        VMIN   =   0        VMAX   =   0        JMIN   =   0
 JMAX   =  10
 BROT   =  2.010     DROT   = 0.0000E+00 HROT   = 0.0000E+00 EVIB   = 0.0000E+00
 LAMMIN:    2
 LAMMAX:    2
 MPROJ:     0
     *** Flags:
 AIRYFL= T    BASTST= F    BATCH = F    CHLIST= T    CSFLAG= F    FLAGHF= F
 FLAGSU= F    IHOMO = T    IPOS  = F    LOGDFL= T    NOPRIN= T    NUCROS= F
 PHOTOF= F    PRAIRY= F    PRLOGD= F    PRPART= F    PRSMAT= F    PRT2  = F
 PRXSEC= F    READPT= F    RSFLAG= F    T2TEST= F    TWOMOL= F    WAVEFL= F
 WRPART= T    WRSMAT= F    WRXSEC= T    BOUNDC= F
 ** Energies:      500.000000
 NOUT:  4; JOUT:   0   2   4   6
 INDOUT:    0
 ==============================
 ** INTEGRAL CROSS SECTIONS SAVED IN FILE Ccbrstest1.ics
 ** RESTART INFORMATION SAVED IN FILE Ccbrstest.sav
 ** PARTIAL CROSS SECTIONS SAVED IN FILE Ccbrstest1.pcs

 --------------------------------------------------------------------------
           HIBRIDON SCATTERING CODE V 4.1.2 02/05/99 15:22:10 EST

     AUTHORS: M. ALEXANDER, D. MANOLOPOULOS, H.-J. WERNER, B. FOLLMEG
 CONTRIBUTORS: D. LEMOINE, P. VOHRALIK, G. COREY, R. JOHNSON, T. ORLIKOWSKI
               A. BERNING, A. DEGLI-ESPOSTI, C. RIST, P. DAGDIGIAN, B. POUILLY
               G. VAN DER SANDEN, M. YANG, F. DE WEERD, S. GREGURICK
 --------------------------------------------------------------------------

 -----------------------------------------------------------------------------
 All publications resulting from use of the integrators included in the
 Hibridon code must include the following reference:

 D. E. Manolopoulos, J. Chem. Phys. 85, 6425 (1986); M. H. Alexander and D. E.
