
 CLOSE COUPLED M-RESOLVED CROSS SECTIONS
 K K'-MATRICES READ FROM FILE Vfit_test1.tcb                          
 WRITTEN: Sep  7 22:53:04 2009
 LABEL:    Test of N2+_He using Follmeg-Rosmus PES        
 MAX(K, K') IN PREVIOUS CALCULATION =  12

 WARNING: M-DEPENDENCE CORRECT ONLY FOR J+J' .LE. 12

 ROWS ARE INITIAL STATES, COLUMNS ARE FINAL STATES
 LAST COLUMN IS SUM OF THE ROW

 TRANSITION J1 =  0 -> J2 =  0, LAM =  0 ,TOTAL CROSS SECTION =  5.758E+01

            0
    0  5.758E+01  5.758E+01
 

 TRANSITION J1 =  0 -> J2 =  2, LAM =  0 ,TOTAL CROSS SECTION =  1.655E+01

           -2         -1          0          1          2
    0  3.311E+00  3.311E+00  3.311E+00  3.311E+00  3.311E+00  1.655E+01
 

 TRANSITION J1 =  0 -> J2 =  4, LAM =  0 ,TOTAL CROSS SECTION =  3.363E+00

           -4         -3         -2         -1          0          1          2          3          4
    0  3.737E-01  3.737E-01  3.737E-01  3.737E-01  3.737E-01  3.737E-01  3.737E-01  3.737E-01  3.737E-01  3.363E+00
 

 TRANSITION J1 =  0 -> J2 =  6, LAM =  0 ,TOTAL CROSS SECTION =  7.985E-01

           -6         -5         -4         -3         -2         -1          0          1          2
    0  6.142E-02  6.142E-02  6.142E-02  6.142E-02  6.142E-02  6.142E-02  6.142E-02  6.142E-02  6.142E-02
 
            3          4          5          6
    0  6.142E-02  6.142E-02  6.142E-02  6.142E-02  7.985E-01
 

 TRANSITION J1 =  2 -> J2 =  0, LAM =  0 ,TOTAL CROSS SECTION =  3.590E+00

            0
   -2  3.590E+00  3.590E+00
   -1  3.590E+00  3.590E+00
    0  3.590E+00  3.590E+00
    1  3.590E+00  3.590E+00
    2  3.590E+00  3.590E+00
 

 TRANSITION J1 =  2 -> J2 =  2, LAM =  0 ,TOTAL CROSS SECTION =  6.070E+01

           -2         -1          0          1          2
   -2  5.426E+01  3.288E+00  1.920E+00  5.385E-01  7.022E-01  6.070E+01
   -1  3.288E+00  5.220E+01  1.900E+00  2.774E+00  5.385E-01  6.070E+01
    0  1.920E+00  1.900E+00  5.306E+01  1.900E+00  1.920E+00  6.070E+01
    1  5.385E-01  2.774E+00  1.900E+00  5.220E+01  3.288E+00  6.070E+01
    2  7.022E-01  5.385E-01  1.920E+00  3.288E+00  5.426E+01  6.070E+01
 

 TRANSITION J1 =  2 -> J2 =  4, LAM =  0 ,TOTAL CROSS SECTION =  1.058E+01

           -4         -3         -2         -1          0          1          2          3          4
   -2  5.323E+00  2.752E+00  1.295E+00  5.610E-01  2.476E-01  1.359E-01  9.254E-02  6.896E-02  1.019E-01  1.058E+01
   -1  1.821E-01  2.791E+00  3.095E+00  2.296E+00  1.256E+00  4.989E-01  2.054E-01  2.173E-01  3.607E-02  1.058E+01
    0  2.338E-01  4.672E-02  1.189E+00  2.385E+00  2.869E+00  2.385E+00  1.189E+00  4.672E-02  2.338E-01  1.058E+01
    1  3.607E-02  2.173E-01  2.054E-01  4.989E-01  1.256E+00  2.296E+00  3.095E+00  2.791E+00  1.821E-01  1.058E+01
    2  1.019E-01  6.896E-02  9.254E-02  1.359E-01  2.476E-01  5.610E-01  1.295E+00  2.752E+00  5.323E+00  1.058E+01
 

 TRANSITION J1 =  2 -> J2 =  6, LAM =  0 ,TOTAL CROSS SECTION =  2.051E+00

           -6         -5         -4         -3         -2         -1          0          1          2
   -2  6.895E-01  4.687E-01  3.100E-01  1.998E-01  1.264E-01  7.968E-02  5.129E-02  3.465E-02  2.489E-02
   -1  2.710E-02  2.582E-01  3.567E-01  3.653E-01  3.198E-01  2.490E-01  1.746E-01  1.118E-01  6.835E-02
    0  4.766E-02  1.690E-02  6.976E-02  1.594E-01  2.495E-01  3.139E-01  3.371E-01  3.139E-01  2.495E-01
    1  6.704E-03  3.092E-02  3.727E-02  4.547E-02  6.835E-02  1.118E-01  1.746E-01  2.490E-01  3.198E-01
    2  1.793E-02  1.419E-02  1.519E-02  1.887E-02  2.489E-02  3.465E-02  5.129E-02  7.968E-02  1.264E-01
 
            3          4          5          6
   -2  1.887E-02  1.519E-02  1.419E-02  1.793E-02  2.051E+00
   -1  4.547E-02  3.727E-02  3.092E-02  6.704E-03  2.051E+00
    0  1.594E-01  6.976E-02  1.690E-02  4.766E-02  2.051E+00
    1  3.653E-01  3.567E-01  2.582E-01  2.710E-02  2.051E+00
    2  1.998E-01  3.100E-01  4.687E-01  6.895E-01  2.051E+00
 

 TRANSITION J1 =  4 -> J2 =  0, LAM =  0 ,TOTAL CROSS SECTION =  5.042E-01

            0
   -4  5.042E-01  5.042E-01
   -3  5.042E-01  5.042E-01
   -2  5.042E-01  5.042E-01
   -1  5.042E-01  5.042E-01
    0  5.042E-01  5.042E-01
    1  5.042E-01  5.042E-01
    2  5.042E-01  5.042E-01
    3  5.042E-01  5.042E-01
    4  5.042E-01  5.042E-01
 

 TRANSITION J1 =  4 -> J2 =  2, LAM =  0 ,TOTAL CROSS SECTION =  7.313E+00

           -2         -1          0          1          2
   -4  6.624E+00  2.266E-01  2.910E-01  4.488E-02  1.268E-01  7.313E+00
   -3  3.425E+00  3.473E+00  5.814E-02  2.704E-01  8.582E-02  7.313E+00
   -2  1.611E+00  3.851E+00  1.480E+00  2.555E-01  1.152E-01  7.313E+00
   -1  6.982E-01  2.857E+00  2.968E+00  6.209E-01  1.692E-01  7.313E+00
    0  3.081E-01  1.563E+00  3.570E+00  1.563E+00  3.081E-01  7.313E+00
    1  1.692E-01  6.209E-01  2.968E+00  2.857E+00  6.982E-01  7.313E+00
    2  1.152E-01  2.555E-01  1.480E+00  3.851E+00  1.611E+00  7.313E+00
    3  8.582E-02  2.704E-01  5.814E-02  3.473E+00  3.425E+00  7.313E+00
    4  1.268E-01  4.488E-02  2.910E-01  2.266E-01  6.624E+00  7.313E+00
 

 TRANSITION J1 =  4 -> J2 =  4, LAM =  0 ,TOTAL CROSS SECTION =  6.302E+01

           -4         -3         -2         -1          0          1          2          3          4
   -4  5.584E+01  4.145E+00  1.360E+00  5.549E-01  3.346E-01  2.161E-01  1.811E-01  1.698E-01  2.215E-01  6.302E+01
   -3  4.145E+00  5.097E+01  4.420E+00  1.817E+00  5.891E-01  4.336E-01  2.400E-01  2.413E-01  1.698E-01  6.302E+01
   -2  1.360E+00  4.420E+00  4.937E+01  4.132E+00  2.266E+00  5.310E-01  5.240E-01  2.400E-01  1.811E-01  6.302E+01
   -1  5.549E-01  1.817E+00  4.132E+00  4.910E+01  3.715E+00  2.528E+00  5.310E-01  4.336E-01  2.161E-01  6.302E+01
    0  3.346E-01  5.891E-01  2.266E+00  3.715E+00  4.921E+01  3.715E+00  2.266E+00  5.891E-01  3.346E-01  6.302E+01
    1  2.161E-01  4.336E-01  5.310E-01  2.528E+00  3.715E+00  4.910E+01  4.132E+00  1.817E+00  5.549E-01  6.302E+01
    2  1.811E-01  2.400E-01  5.240E-01  5.310E-01  2.266E+00  4.132E+00  4.937E+01  4.420E+00  1.360E+00  6.302E+01
    3  1.698E-01  2.413E-01  2.400E-01  4.336E-01  5.891E-01  1.817E+00  4.420E+00  5.097E+01  4.145E+00  6.302E+01
    4  2.215E-01  1.698E-01  1.811E-01  2.161E-01  3.346E-01  5.549E-01  1.360E+00  4.145E+00  5.584E+01  6.302E+01
 

 TRANSITION J1 =  4 -> J2 =  6, LAM =  0 ,TOTAL CROSS SECTION =  1.084E+01

           -6         -5         -4         -3         -2         -1          0          1          2
   -4  6.965E+00  2.497E+00  8.250E-01  2.736E-01  1.093E-01  5.772E-02  3.601E-02  2.427E-02  1.730E-02
   -3  2.627E-01  4.601E+00  3.354E+00  1.602E+00  5.911E-01  2.015E-01  8.832E-02  5.108E-02  3.224E-02
   -2  1.520E-01  1.256E-01  3.004E+00  3.518E+00  2.352E+00  1.057E+00  3.461E-01  1.243E-01  6.818E-02
   -1  4.831E-02  1.795E-01  7.015E-02  1.820E+00  3.175E+00  2.941E+00  1.688E+00  5.741E-01  1.519E-01
    0  3.372E-02  2.899E-02  1.747E-01  1.075E-01  1.008E+00  2.474E+00  3.188E+00  2.474E+00  1.008E+00
    1  1.629E-02  4.156E-02  1.817E-02  1.163E-01  1.519E-01  5.741E-01  1.688E+00  2.941E+00  3.175E+00
    2  1.377E-02  1.009E-02  3.643E-02  3.371E-02  6.818E-02  1.243E-01  3.461E-01  1.057E+00  2.352E+00
    3  7.377E-03  1.418E-02  1.269E-02  2.196E-02  3.224E-02  5.108E-02  8.832E-02  2.015E-01  5.911E-01
    4  6.386E-03  7.047E-03  1.000E-02  1.288E-02  1.730E-02  2.427E-02  3.601E-02  5.772E-02  1.093E-01
 
            3          4          5          6
   -4  1.288E-02  1.000E-02  7.047E-03  6.386E-03  1.084E+01
   -3  2.196E-02  1.269E-02  1.418E-02  7.377E-03  1.084E+01
   -2  3.371E-02  3.643E-02  1.009E-02  1.377E-02  1.084E+01
   -1  1.163E-01  1.817E-02  4.156E-02  1.629E-02  1.084E+01
    0  1.075E-01  1.747E-01  2.899E-02  3.372E-02  1.084E+01
    1  1.820E+00  7.015E-02  1.795E-01  4.831E-02  1.084E+01
    2  3.518E+00  3.004E+00  1.256E-01  1.520E-01  1.084E+01
    3  1.602E+00  3.354E+00  4.601E+00  2.627E-01  1.084E+01
    4  2.736E-01  8.250E-01  2.497E+00  6.965E+00  1.084E+01
 

 TRANSITION J1 =  6 -> J2 =  0, LAM =  0 ,TOTAL CROSS SECTION =  1.346E-01

            0
   -6  1.346E-01  1.346E-01
   -5  1.346E-01  1.346E-01
   -4  1.346E-01  1.346E-01
   -3  1.346E-01  1.346E-01
   -2  1.346E-01  1.346E-01
   -1  1.346E-01  1.346E-01
    0  1.346E-01  1.346E-01
    1  1.346E-01  1.346E-01
    2  1.346E-01  1.346E-01
    3  1.346E-01  1.346E-01
    4  1.346E-01  1.346E-01
    5  1.346E-01  1.346E-01
    6  1.346E-01  1.346E-01
 

 TRANSITION J1 =  6 -> J2 =  2, LAM =  0 ,TOTAL CROSS SECTION =  1.594E+00

           -2         -1          0          1          2
   -6  1.393E+00  5.476E-02  9.629E-02  1.355E-02  3.624E-02  1.594E+00
   -5  9.471E-01  5.217E-01  3.415E-02  6.248E-02  2.867E-02  1.594E+00
   -4  6.264E-01  7.208E-01  1.410E-01  7.530E-02  3.069E-02  1.594E+00
   -3  4.038E-01  7.382E-01  3.221E-01  9.189E-02  3.813E-02  1.594E+00
   -2  2.554E-01  6.462E-01  5.041E-01  1.381E-01  5.029E-02  1.594E+00
   -1  1.610E-01  5.031E-01  6.342E-01  2.258E-01  7.002E-02  1.594E+00
    0  1.036E-01  3.528E-01  6.811E-01  3.528E-01  1.036E-01  1.594E+00
    1  7.002E-02  2.258E-01  6.342E-01  5.031E-01  1.610E-01  1.594E+00
    2  5.029E-02  1.381E-01  5.041E-01  6.462E-01  2.554E-01  1.594E+00
    3  3.813E-02  9.189E-02  3.221E-01  7.382E-01  4.038E-01  1.594E+00
    4  3.069E-02  7.530E-02  1.410E-01  7.208E-01  6.264E-01  1.594E+00
    5  2.867E-02  6.248E-02  3.415E-02  5.217E-01  9.471E-01  1.594E+00
    6  3.624E-02  1.355E-02  9.629E-02  5.476E-02  1.393E+00  1.594E+00
 

 TRANSITION J1 =  6 -> J2 =  4, LAM =  0 ,TOTAL CROSS SECTION =  1.219E+01

           -4         -3         -2         -1          0          1          2          3          4
   -6  1.131E+01  4.265E-01  2.468E-01  7.845E-02  5.475E-02  2.645E-02  2.236E-02  1.198E-02  1.037E-02  1.219E+01
   -5  4.054E+00  7.472E+00  2.040E-01  2.915E-01  4.708E-02  6.748E-02  1.639E-02  2.302E-02  1.144E-02  1.219E+01
   -4  1.340E+00  5.447E+00  4.877E+00  1.139E-01  2.836E-01  2.951E-02  5.915E-02  2.061E-02  1.624E-02  1.219E+01
   -3  4.443E-01  2.601E+00  5.712E+00  2.955E+00  1.745E-01  1.889E-01  5.474E-02  3.566E-02  2.092E-02  1.219E+01
   -2  1.774E-01  9.598E-01  3.819E+00  5.156E+00  1.636E+00  2.466E-01  1.107E-01  5.235E-02  2.810E-02  1.219E+01
   -1  9.372E-02  3.272E-01  1.716E+00  4.776E+00  4.017E+00  9.322E-01  2.018E-01  8.294E-02  3.941E-02  1.219E+01
    0  5.847E-02  1.434E-01  5.620E-01  2.741E+00  5.177E+00  2.741E+00  5.620E-01  1.434E-01  5.847E-02  1.219E+01
    1  3.941E-02  8.294E-02  2.018E-01  9.322E-01  4.017E+00  4.776E+00  1.716E+00  3.272E-01  9.372E-02  1.219E+01
    2  2.810E-02  5.235E-02  1.107E-01  2.466E-01  1.636E+00  5.156E+00  3.819E+00  9.598E-01  1.774E-01  1.219E+01
    3  2.092E-02  3.566E-02  5.474E-02  1.889E-01  1.745E-01  2.955E+00  5.712E+00  2.601E+00  4.443E-01  1.219E+01
    4  1.624E-02  2.061E-02  5.915E-02  2.951E-02  2.836E-01  1.139E-01  4.877E+00  5.447E+00  1.340E+00  1.219E+01
    5  1.144E-02  2.302E-02  1.639E-02  6.748E-02  4.708E-02  2.915E-01  2.040E-01  7.472E+00  4.054E+00  1.219E+01
    6  1.037E-02  1.198E-02  2.236E-02  2.645E-02  5.475E-02  7.845E-02  2.468E-01  4.265E-01  1.131E+01  1.219E+01
 

 TRANSITION J1 =  6 -> J2 =  6, LAM =  0 ,TOTAL CROSS SECTION =  1.845E+02

           -6         -5         -4         -3         -2         -1          0          1          2
   -6  1.608E+02  1.224E+01  3.780E+00  1.958E+00  1.362E+00  1.017E+00  7.655E-01  5.849E-01  4.767E-01
   -5  1.224E+01  1.453E+02  1.474E+01  4.724E+00  2.001E+00  1.288E+00  1.013E+00  8.563E-01  6.812E-01
   -4  3.780E+00  1.474E+01  1.376E+02  1.543E+01  5.510E+00  2.207E+00  1.374E+00  9.850E-01  8.259E-01
   -3  1.958E+00  4.724E+00  1.543E+01  1.336E+02  1.559E+01  6.118E+00  2.260E+00  1.412E+00  9.851E-01
   -2  1.362E+00  2.001E+00  5.510E+00  1.559E+01  1.314E+02  1.540E+01  6.510E+00  2.283E+00  1.453E+00
   -1  1.017E+00  1.288E+00  2.207E+00  6.118E+00  1.540E+01  1.304E+02  1.523E+01  6.675E+00  2.283E+00
    0  7.655E-01  1.013E+00  1.374E+00  2.260E+00  6.510E+00  1.523E+01  1.302E+02  1.523E+01  6.510E+00
    1  5.849E-01  8.563E-01  9.850E-01  1.412E+00  2.283E+00  6.675E+00  1.523E+01  1.304E+02  1.540E+01
    2  4.767E-01  6.812E-01  8.259E-01  9.851E-01  1.453E+00  2.283E+00  6.510E+00  1.540E+01  1.314E+02
    3  4.246E-01  5.069E-01  6.933E-01  8.462E-01  9.851E-01  1.412E+00  2.260E+00  6.118E+00  1.559E+01
    4  3.951E-01  4.016E-01  5.504E-01  6.933E-01  8.259E-01  9.850E-01  1.374E+00  2.207E+00  5.510E+00
    5  3.583E-01  4.032E-01  4.016E-01  5.069E-01  6.812E-01  8.563E-01  1.013E+00  1.288E+00  2.001E+00
    6  3.358E-01  3.583E-01  3.951E-01  4.246E-01  4.767E-01  5.849E-01  7.655E-01  1.017E+00  1.362E+00
 
            3          4          5          6
   -6  4.246E-01  3.951E-01  3.583E-01  3.358E-01  1.845E+02
   -5  5.069E-01  4.016E-01  4.032E-01  3.583E-01  1.845E+02
   -4  6.933E-01  5.504E-01  4.016E-01  3.951E-01  1.845E+02
   -3  8.462E-01  6.933E-01  5.069E-01  4.246E-01  1.845E+02
   -2  9.851E-01  8.259E-01  6.812E-01  4.767E-01  1.845E+02
   -1  1.412E+00  9.850E-01  8.563E-01  5.849E-01  1.845E+02
    0  2.260E+00  1.374E+00  1.013E+00  7.655E-01  1.845E+02
    1  6.118E+00  2.207E+00  1.288E+00  1.017E+00  1.845E+02
    2  1.559E+01  5.510E+00  2.001E+00  1.362E+00  1.845E+02
    3  1.336E+02  1.543E+01  4.724E+00  1.958E+00  1.845E+02
    4  1.543E+01  1.376E+02  1.474E+01  3.780E+00  1.845E+02
    5  4.724E+00  1.474E+01  1.453E+02  1.224E+01  1.845E+02
    6  1.958E+00  3.780E+00  1.224E+01  1.608E+02  1.845E+02
 

 ** MRCRS FINAL TIMING ELAPSED:  00:00:00.018 CPU:  00:00:00.012

